ORIGINAL REFERENCE:
Griffin, D. C.A. Woodhouse, D.M. Meko, D.W. Stahle, H.L. Faulstich, C.L. Carrillo, R. Touchan, C.L. Castro and S.W. Leavitt. 2013, North American monsoon precipitation reconstructed from tree-ring latewood. Geophysical Research Letters, doi: 10.1002/grl.50184.

GEOGRAPHIC REGION:
North American Monsoon Experiment Region 2 (American Southwest)

PERIOD OF RECORD:
1539-2008 (monsoon) and 1530-2008 (cool-season)

VARIABLE NAMES: 
Year     (Calendar year)
O-A_Obs  (Observed 7-month SPI ending in April)
O-A_rec  (Reconstructed 7-month SPI ending in April)
JJA_obs  (Observed 3-month SPI ending in August)
JJA_rec  (Reconstructed 3-month SPI ending in August)

VARIABLE UNITS: 
Standardized Precipitation Indices (SPI)

DESCRIPTION: 
Details on the instrumental data, tree ring data, calibration, and verification can be found in the references listed above. This data file prepared by Daniel Griffin, 12 April 2013.

============================================

Year   O-A_obs   O-A_rec   JJA_obs   JJA_rec
1530     -9999     0.562     -9999     -9999
1531     -9999     0.206     -9999     -9999
1532     -9999    -0.710     -9999     -9999
1533     -9999     0.218     -9999     -9999
1534     -9999     0.277     -9999     -9999
1535     -9999     0.100     -9999     -9999
1536     -9999     1.308     -9999     -9999
1537     -9999     0.321     -9999     -9999
1538     -9999    -1.562     -9999     -9999
1539     -9999     0.535     -9999     0.966
1540     -9999     1.353     -9999    -0.277
1541     -9999     0.274     -9999    -0.795
1542     -9999    -2.150     -9999     0.861
1543     -9999     1.293     -9999     0.189
1544     -9999     0.024     -9999     0.287
1545     -9999    -0.711     -9999    -1.373
1546     -9999     0.386     -9999     0.856
1547     -9999     0.001     -9999     1.194
1548     -9999     0.177     -9999    -0.493
1549     -9999     0.320     -9999     0.576
1550     -9999     2.258     -9999     1.089
1551     -9999    -0.224     -9999    -0.653
1552     -9999    -0.381     -9999     0.035
1553     -9999     0.279     -9999     0.651
1554     -9999    -0.007     -9999     0.797
1555     -9999     0.942     -9999     0.846
1556     -9999     0.360     -9999    -0.631
1557     -9999    -0.572     -9999     0.443
1558     -9999     0.179     -9999    -1.016
1559     -9999    -0.722     -9999     0.573
1560     -9999    -0.828     -9999     0.080
1561     -9999     0.489     -9999     0.023
1562     -9999     0.168     -9999     0.184
1563     -9999     0.378     -9999    -0.402
1564     -9999     0.586     -9999     1.276
1565     -9999     0.039     -9999     2.091
1566     -9999    -0.215     -9999    -0.520
1567     -9999     0.265     -9999    -1.181
1568     -9999    -1.205     -9999     0.849
1569     -9999     0.175     -9999    -0.638
1570     -9999    -0.576     -9999    -0.320
1571     -9999    -0.133     -9999     0.840
1572     -9999    -0.186     -9999    -0.859
1573     -9999    -1.406     -9999    -0.253
1574     -9999    -0.399     -9999    -0.888
1575     -9999    -0.180     -9999    -0.481
1576     -9999    -0.074     -9999     0.670
1577     -9999    -0.750     -9999    -0.581
1578     -9999    -0.391     -9999    -0.801
1579     -9999    -0.881     -9999    -0.007
1580     -9999     0.188     -9999     0.940
1581     -9999     0.560     -9999    -0.492
1582     -9999    -0.421     -9999     0.565
1583     -9999    -0.769     -9999     0.455
1584     -9999    -0.221     -9999    -0.501
1585     -9999    -1.751     -9999     0.237
1586     -9999     1.771     -9999    -0.129
1587     -9999    -0.927     -9999     0.040
1588     -9999     1.189     -9999     0.385
1589     -9999     0.335     -9999    -0.268
1590     -9999    -0.562     -9999     0.018
1591     -9999    -0.785     -9999     1.282
1592     -9999     0.036     -9999    -0.759
1593     -9999    -0.561     -9999     0.514
1594     -9999     1.183     -9999     0.003
1595     -9999    -0.605     -9999     1.392
1596     -9999     0.801     -9999    -0.471
1597     -9999    -0.657     -9999     0.795
1598     -9999     0.441     -9999    -0.636
1599     -9999     1.231     -9999     0.636
1600     -9999    -1.276     -9999     0.530
1601     -9999    -1.441     -9999    -0.729
1602     -9999     0.684     -9999    -0.299
1603     -9999     0.993     -9999     0.956
1604     -9999     0.313     -9999    -0.200
1605     -9999    -0.364     -9999     0.511
1606     -9999     0.276     -9999    -0.675
1607     -9999     0.575     -9999    -0.361
1608     -9999    -0.050     -9999     0.250
1609     -9999     0.608     -9999     0.208
1610     -9999     0.746     -9999     0.336
1611     -9999     0.440     -9999     0.145
1612     -9999     0.604     -9999    -0.778
1613     -9999    -1.279     -9999    -0.629
1614     -9999    -0.502     -9999     1.796
1615     -9999     0.028     -9999    -0.429
1616     -9999     0.250     -9999    -0.347
1617     -9999    -0.087     -9999     0.238
1618     -9999     0.748     -9999     0.235
1619     -9999    -0.320     -9999     1.099
1620     -9999     0.311     -9999    -0.360
1621     -9999     0.673     -9999    -0.725
1622     -9999    -0.025     -9999    -0.006
1623     -9999    -0.904     -9999    -0.590
1624     -9999    -1.085     -9999    -0.366
1625     -9999     0.253     -9999     0.342
1626     -9999    -0.894     -9999     0.273
1627     -9999     1.054     -9999    -0.083
1628     -9999     0.542     -9999    -0.323
1629     -9999     0.518     -9999     1.128
1630     -9999     0.767     -9999     0.138
1631     -9999    -0.217     -9999     0.133
1632     -9999    -1.513     -9999    -1.160
1633     -9999    -1.220     -9999    -0.004
1634     -9999     0.571     -9999    -0.667
1635     -9999     0.899     -9999    -0.466
1636     -9999    -0.514     -9999     1.846
1637     -9999    -0.598     -9999     1.346
1638     -9999     0.808     -9999    -0.470
1639     -9999     1.024     -9999    -0.381
1640     -9999     0.550     -9999     0.693
1641     -9999     0.561     -9999    -1.044
1642     -9999     0.534     -9999     0.623
1643     -9999     0.368     -9999     0.442
1644     -9999     0.495     -9999     0.609
1645     -9999    -0.498     -9999     0.947
1646     -9999     0.462     -9999    -0.806
1647     -9999    -0.093     -9999     0.271
1648     -9999    -1.644     -9999    -0.102
1649     -9999     0.493     -9999    -0.279
1650     -9999     0.231     -9999    -0.143
1651     -9999     1.149     -9999     0.085
1652     -9999    -0.794     -9999     1.498
1653     -9999    -0.192     -9999    -1.822
1654     -9999    -1.424     -9999     0.075
1655     -9999     0.769     -9999    -0.135
1656     -9999     0.394     -9999     0.283
1657     -9999    -0.220     -9999     0.076
1658     -9999     0.079     -9999     0.640
1659     -9999     0.053     -9999     0.528
1660     -9999     0.625     -9999    -0.831
1661     -9999     0.735     -9999     0.130
1662     -9999     0.035     -9999     0.516
1663     -9999     0.067     -9999     0.271
1664     -9999    -0.284     -9999    -0.597
1665     -9999     0.544     -9999     0.591
1666     -9999    -0.564     -9999     0.434
1667     -9999    -0.330     -9999    -1.341
1668     -9999    -1.055     -9999    -1.007
1669     -9999    -0.938     -9999    -0.707
1670     -9999    -1.463     -9999    -0.410
1671     -9999     0.205     -9999    -0.691
1672     -9999    -0.091     -9999    -0.519
1673     -9999     0.207     -9999    -0.730
1674     -9999     0.212     -9999     0.291
1675     -9999    -0.156     -9999    -0.067
1676     -9999    -0.844     -9999     0.860
1677     -9999     0.174     -9999     0.473
1678     -9999    -0.181     -9999     0.010
1679     -9999    -0.094     -9999    -0.081
1680     -9999     0.239     -9999     0.409
1681     -9999     0.225     -9999    -0.733
1682     -9999     0.287     -9999    -0.445
1683     -9999     0.362     -9999    -0.066
1684     -9999    -1.490     -9999     1.289
1685     -9999    -1.161     -9999    -0.969
1686     -9999     0.686     -9999    -0.277
1687     -9999     0.541     -9999     0.043
1688     -9999     0.286     -9999     1.417
1689     -9999     0.760     -9999     0.146
1690     -9999     0.461     -9999     0.447
1691     -9999    -0.223     -9999     1.289
1692     -9999     2.081     -9999    -1.073
1693     -9999     0.842     -9999     0.336
1694     -9999     0.404     -9999     0.824
1695     -9999     0.117     -9999     0.264
1696     -9999    -0.703     -9999    -0.615
1697     -9999    -0.359     -9999     0.034
1698     -9999    -0.423     -9999     0.537
1699     -9999     0.941     -9999    -0.407
1700     -9999    -0.411     -9999     0.202
1701     -9999     1.133     -9999     0.400
1702     -9999     0.225     -9999    -0.282
1703     -9999    -0.087     -9999     0.174
1704     -9999     0.021     -9999    -0.934
1705     -9999    -0.557     -9999    -0.019
1706     -9999    -0.588     -9999     0.365
1707     -9999    -0.506     -9999    -0.864
1708     -9999    -0.339     -9999    -0.454
1709     -9999    -1.349     -9999     1.219
1710     -9999     1.110     -9999     0.096
1711     -9999     0.120     -9999     0.371
1712     -9999     0.596     -9999    -0.751
1713     -9999    -0.432     -9999    -0.113
1714     -9999     0.200     -9999    -0.592
1715     -9999    -0.513     -9999     1.168
1716     -9999    -1.036     -9999     0.456
1717     -9999     0.234     -9999     0.790
1718     -9999     0.930     -9999     0.092
1719     -9999    -0.179     -9999    -1.128
1720     -9999     0.064     -9999     0.856
1721     -9999     0.047     -9999    -0.398
1722     -9999    -0.133     -9999     0.082
1723     -9999     0.068     -9999    -0.765
1724     -9999    -0.700     -9999     1.333
1725     -9999    -0.243     -9999     0.760
1726     -9999     1.595     -9999    -0.196
1727     -9999     0.239     -9999    -0.964
1728     -9999    -1.167     -9999     0.214
1729     -9999    -0.091     -9999    -0.103
1730     -9999    -0.279     -9999     0.663
1731     -9999     0.256     -9999    -0.886
1732     -9999     0.107     -9999     0.576
1733     -9999    -1.313     -9999    -0.914
1734     -9999    -0.184     -9999     0.667
1735     -9999    -1.089     -9999    -0.029
1736     -9999     0.491     -9999    -0.049
1737     -9999     0.100     -9999    -0.779
1738     -9999    -0.203     -9999     0.055
1739     -9999    -0.781     -9999    -1.152
1740     -9999    -0.203     -9999    -0.486
1741     -9999     0.284     -9999    -0.438
1742     -9999    -0.678     -9999     0.116
1743     -9999     0.921     -9999     0.876
1744     -9999     0.475     -9999    -0.659
1745     -9999     1.105     -9999     0.608
1746     -9999     1.952     -9999     0.915
1747     -9999     1.929     -9999    -1.231
1748     -9999    -2.763     -9999     0.029
1749     -9999     1.681     -9999    -0.513
1750     -9999    -0.158     -9999     0.351
1751     -9999     0.038     -9999    -0.008
1752     -9999    -1.478     -9999    -0.820
1753     -9999    -0.920     -9999    -0.460
1754     -9999     0.240     -9999     0.222
1755     -9999    -0.558     -9999    -0.117
1756     -9999     0.012     -9999    -0.123
1757     -9999    -0.214     -9999     0.469
1758     -9999     1.096     -9999     1.523
1759     -9999     0.865     -9999    -0.552
1760     -9999    -0.141     -9999     0.025
1761     -9999    -1.029     -9999     0.779
1762     -9999     1.027     -9999    -0.425
1763     -9999    -0.769     -9999    -1.066
1764     -9999     0.929     -9999     1.232
1765     -9999     0.360     -9999     0.660
1766     -9999     0.765     -9999     0.289
1767     -9999    -0.100     -9999     1.086
1768     -9999     0.431     -9999    -0.118
1769     -9999     0.223     -9999     0.076
1770     -9999     0.506     -9999    -0.299
1771     -9999     0.637     -9999     0.826
1772     -9999     0.055     -9999    -0.003
1773     -9999    -1.566     -9999     0.764
1774     -9999    -0.120     -9999    -0.242
1775     -9999     0.450     -9999    -0.740
1776     -9999    -0.152     -9999     0.036
1777     -9999    -0.599     -9999    -0.581
1778     -9999    -0.659     -9999    -0.268
1779     -9999     0.077     -9999    -1.193
1780     -9999    -1.351     -9999     0.133
1781     -9999    -0.396     -9999    -0.576
1782     -9999    -0.784     -9999     0.545
1783     -9999     0.900     -9999    -1.163
1784     -9999     0.993     -9999     0.763
1785     -9999    -1.165     -9999     0.159
1786     -9999    -0.439     -9999    -0.611
1787     -9999     0.602     -9999     0.566
1788     -9999    -0.527     -9999    -0.665
1789     -9999    -0.310     -9999    -0.180
1790     -9999    -1.030     -9999     0.679
1791     -9999     0.682     -9999    -1.023
1792     -9999     0.620     -9999     0.084
1793     -9999     1.435     -9999     0.682
1794     -9999    -0.943     -9999     0.770
1795     -9999     1.454     -9999     0.616
1796     -9999    -0.095     -9999     0.163
1797     -9999    -0.825     -9999    -0.338
1798     -9999    -0.852     -9999    -1.135
1799     -9999     0.733     -9999     0.860
1800     -9999    -0.496     -9999     0.551
1801     -9999    -0.545     -9999     0.679
1802     -9999     0.946     -9999    -0.018
1803     -9999    -0.308     -9999    -0.761
1804     -9999     0.692     -9999    -0.082
1805     -9999    -0.097     -9999     0.854
1806     -9999    -0.443     -9999    -0.488
1807     -9999     0.573     -9999    -0.517
1808     -9999    -0.048     -9999    -0.207
1809     -9999     0.399     -9999     1.107
1810     -9999     0.979     -9999     0.428
1811     -9999    -0.302     -9999     0.272
1812     -9999     0.540     -9999    -0.968
1813     -9999    -0.897     -9999    -0.987
1814     -9999    -0.042     -9999     0.328
1815     -9999     1.243     -9999     0.565
1816     -9999     1.233     -9999     0.452
1817     -9999    -0.250     -9999    -1.422
1818     -9999    -0.663     -9999    -0.238
1819     -9999    -1.088     -9999     0.002
1820     -9999    -1.125     -9999     0.019
1821     -9999     0.231     -9999    -1.216
1822     -9999    -1.453     -9999    -0.139
1823     -9999    -0.466     -9999     0.018
1824     -9999     0.116     -9999    -0.870
1825     -9999    -0.025     -9999    -0.735
1826     -9999    -0.127     -9999     0.313
1827     -9999     0.081     -9999     0.420
1828     -9999     0.886     -9999    -0.094
1829     -9999     0.023     -9999    -0.175
1830     -9999     0.441     -9999     0.933
1831     -9999     0.289     -9999    -0.200
1832     -9999     0.424     -9999     0.843
1833     -9999     1.021     -9999     0.227
1834     -9999     0.172     -9999    -0.603
1835     -9999     0.509     -9999     1.098
1836     -9999    -0.072     -9999     0.731
1837     -9999     0.117     -9999    -0.615
1838     -9999     0.225     -9999    -0.505
1839     -9999     0.846     -9999     1.070
1840     -9999     0.097     -9999    -0.511
1841     -9999    -0.804     -9999    -1.090
1842     -9999    -1.248     -9999    -0.283
1843     -9999    -0.182     -9999    -0.166
1844     -9999     0.628     -9999     0.742
1845     -9999    -0.291     -9999     0.010
1846     -9999     0.222     -9999     0.371
1847     -9999    -1.729     -9999     0.441
1848     -9999     0.803     -9999    -0.163
1849     -9999     0.684     -9999     0.338
1850     -9999     0.746     -9999    -0.177
1851     -9999    -0.726     -9999    -0.448
1852     -9999     0.586     -9999     0.307
1853     -9999     0.199     -9999    -0.048
1854     -9999    -0.791     -9999     0.818
1855     -9999     0.543     -9999    -1.088
1856     -9999     0.568     -9999     0.683
1857     -9999    -0.222     -9999    -0.834
1858     -9999     0.843     -9999    -0.097
1859     -9999    -0.225     -9999     0.764
1860     -9999     0.442     -9999    -0.702
1861     -9999    -0.893     -9999     0.609
1862     -9999     0.373     -9999    -0.672
1863     -9999    -1.754     -9999    -0.601
1864     -9999    -0.643     -9999     0.517
1865     -9999     0.115     -9999    -0.597
1866     -9999     0.304     -9999     0.287
1867     -9999     0.361     -9999    -0.127
1868     -9999     0.953     -9999     0.696
1869     -9999     0.260     -9999     0.408
1870     -9999    -0.483     -9999     1.446
1871     -9999    -0.723     -9999    -0.566
1872     -9999    -0.494     -9999     0.797
1873     -9999    -0.492     -9999    -1.285
1874     -9999     0.150     -9999     1.316
1875     -9999     0.071     -9999     1.658
1876     -9999    -0.392     -9999     0.176
1877     -9999     0.509     -9999    -1.767
1878     -9999    -0.268     -9999     0.543
1879     -9999    -0.441     -9999    -0.175
1880     -9999    -0.494     -9999     0.267
1881     -9999    -0.396     -9999     0.571
1882     -9999     0.934     -9999    -0.817
1883     -9999    -0.028     -9999    -0.219
1884     -9999     0.285     -9999    -0.776
1885     -9999     0.150     -9999    -0.568
1886     -9999    -0.388     -9999    -0.446
1887     -9999    -0.016     -9999     0.340
1888     -9999     0.402     -9999    -1.072
1889     -9999    -0.204     -9999    -0.149
1890     -9999    -0.064     -9999     0.992
1891     -9999     0.942     -9999    -1.207
1892     -9999    -0.422     -9999    -0.170
1893     -9999    -0.749     -9999     0.053
1894     -9999    -0.571     -9999    -0.810
1895     -9999    -0.707     -9999    -0.449
1896    -0.438     0.021     0.991     0.632
1897     0.748     0.261    -0.595    -0.549
1898    -0.799     0.810     0.578     0.240
1899    -0.891    -0.517     0.009    -0.215
1900    -0.886    -1.143    -2.668    -0.887
1901     0.002    -0.075     0.079    -0.344
1902    -1.382    -1.188    -1.618    -0.774
1903    -0.086     0.768    -0.769    -0.299
1904    -2.930    -1.626     1.352    -0.274
1905     2.384     0.800    -1.197    -0.714
1906     0.973     0.271     0.896     0.099
1907     0.987     0.807     1.239     0.449
1908     0.480     0.790     1.196     0.747
1909     0.376     0.261     1.337     0.969
1910    -0.937    -0.894     0.151    -0.358
1911     0.255     0.549     0.594     0.618
1912     0.303     0.954     1.321     1.476
1913     0.175     0.074    -0.596    -0.812
1914    -0.005     0.393     0.614     0.885
1915     2.282     0.812    -0.630     0.555
1916     1.235     0.747     0.036     1.307
1917     0.238     0.656     0.608    -0.168
1918    -0.661    -0.690     0.269    -0.586
1919     0.304     0.835     1.809     0.940
1920     1.170     1.037    -0.737    -0.926
1921    -1.434    -0.779     2.280     1.980
1922     0.182     0.017    -0.140     0.388
1923    -0.575    -0.301     0.851     0.050
1924     0.574     0.512    -1.855    -0.926
1925    -1.097    -1.097     0.305     0.306
1926     0.646     0.736    -1.392    -1.050
1927     0.536     0.316     0.600     0.368
1928    -0.508    -0.194    -0.637    -0.386
1929    -0.483    -0.589     1.172     1.138
1930    -0.116     1.051     0.494     0.108
1931     0.597     0.121     1.796     0.093
1932     0.813     0.474     0.582     0.628
1933     0.315     0.099    -0.761    -0.808
1934    -0.783    -0.658     0.064    -0.511
1935     0.767     0.061     0.432     0.366
1936    -0.326    -0.175    -0.097    -0.136
1937     0.522     0.407    -0.152    -0.637
1938    -0.387    -0.144     0.199     1.117
1939    -0.450    -0.890    -0.353    -0.786
1940    -0.452     0.456    -0.564    -0.309
1941     2.100     1.191    -0.474    -0.090
1942     0.273    -0.070    -0.987    -0.974
1943    -0.698    -1.111    -0.057    -0.107
1944     0.240    -0.035    -1.604    -0.276
1945     0.290     0.099     0.079     0.078
1946    -0.794    -0.890     0.379     0.467
1947    -1.167    -0.876    -0.476    -0.765
1948    -0.662    -0.257    -0.822    -0.344
1949     0.274     0.355    -0.751    -0.012
1950    -0.813    -0.347    -0.187     0.551
1951    -0.878    -0.618     1.319    -0.014
1952     1.046     0.752    -0.259    -0.702
1953    -0.228    -0.515     0.026     0.110
1954    -0.708    -0.887     0.997    -0.087
1955    -1.322    -0.938     2.084     0.280
1956    -1.303    -1.325    -0.864    -0.532
1957    -0.364     0.049    -0.212    -0.244
1958     0.728     0.503     0.458    -0.087
1959    -1.172    -0.519     1.287     0.909
1960     0.857     0.536    -0.888    -1.401
1961    -0.902    -1.331     0.637     0.003
1962     0.237     0.463    -2.086    -0.880
1963    -0.164    -0.708     1.056     0.098
1964    -0.544    -0.553     1.215     1.275
1965     0.578     1.008    -0.615    -0.628
1966     1.211     0.297     0.724    -0.020
1967    -1.225    -0.219     0.809     1.356
1968     1.107     0.897     0.375    -0.496
1969    -0.269    -0.316     0.002     0.569
1970    -0.188     0.268    -0.032     0.519
1971    -1.825    -1.150     0.817    -0.265
1972    -1.034     0.521    -0.257    -0.646
1973     1.729     0.998    -1.152     0.087
1974    -1.108    -1.550    -0.320     0.620
1975     0.047     1.335    -1.349    -0.321
1976    -0.176     0.757    -0.908     0.578
1977    -0.741    -0.621    -0.285     0.059
1978     1.585     0.572    -1.249    -0.137
1979     2.189     0.996    -0.694    -0.409
1980     0.721    -0.390    -1.246    -0.167
1981    -0.417    -0.536    -0.188     0.446
1982     0.153    -0.282    -0.080     0.452
1983     1.718     1.049     0.655    -0.040
1984     0.305     0.513     2.364     1.680
1985     1.312     1.445    -1.052    -0.284
1986     0.590     0.668     0.824    -0.142
1987     0.421     0.818    -0.849     0.289
1988     0.487     0.677     1.110     0.472
1989    -0.474    -0.921    -1.034    -1.306
1990    -0.444    -0.525     1.504     1.161
1991     0.743     1.226    -1.560    -0.233
1992     1.351     1.406     1.123     0.032
1993     2.032    -0.189    -0.240    -0.036
1994    -0.030    -0.932    -1.014    -0.778
1995     1.266     0.881    -1.242    -0.281
1996    -1.505    -1.767    -0.118    -0.059
1997    -0.646     0.022    -1.501    -1.042
1998     1.146     0.658     0.723     0.508
1999    -1.065    -0.176     1.962     2.062
2000    -1.869    -1.385    -0.057    -0.332
2001     1.195     0.986    -0.126    -0.011
2002    -1.820    -2.152    -1.603    -1.108
2003    -0.067    -0.294    -0.527    -0.352
2004     0.009    -0.058    -1.237     0.291
2005     1.434     0.416    -0.455    -0.728
2006    -2.059    -1.465     0.835    -0.156
2007    -1.128     0.002     0.237    -0.202
2008    -0.030     0.186     1.461     0.237
