ORIGINAL REFERENCES:
Woodhouse, C.A., D.M. Meko, D. Griffin, and C.L. Castro. 2013. Tree rings reveal multi-season drought variability in the lower Rio Grand basin, USA. Water Resources Research, doi: 10.1002/wrcr.20098.

Woodhouse, C.A., D.W. Stahle, and J. Villanueva-Díaz. 2012. Rio Grande and Rio Conchos water supply variability from instrumental and paleoclimatic records. Climate Research 51, 125-136. doi: 10.3354/cr01059


GEOGRAPHIC REGION:
Southern New Mexico, USA (precipitation reconstruction)
Southern Colorado, USA (streamflow reconstruction)

PERIOD OF RECORD:
1659-2008 (precipitation) and 1508-2002 (streamflow)

VARIABLE NAMES: 
Year     (Calendar year)
AF_obs   (Observed Rio Grande Water Year Flow at Del Norte, CO, acre feet)
CMS_obs  (Observed Rio Grande Water Year Flow at Del Norte, CO, cubic meters per second)
AF_rec   (Reconstructed Rio Grande Water Year Flow at Del Norte, CO, acre feet)
CMS_rec  (Reconstructed Rio Grande Water Year Flow at Del Norte, CO, cubic meters per second)
JJ_obs   (Observed June-July total precipitation, millimeters)
JJ_rec   (Reconstructed June-July total precipitation, millimeters)

VARIABLE UNITS: 
Acre feet (water year total flow)
Cubic meters per second (mean water year flow)
Millimeters

DESCRIPTION: 
Details on the instrumental data, tree ring data, calibration, and verification can be found in the references listed above. This data file prepared by Daniel Griffin, 12 April 2013.

================================================================
Year    AF_obs    CMS_obs   AF_rec    CMS_rec   JJ_obs    JJ_rec
1508     -9999     -9999    725197    28.346     -9999     -9999
1509     -9999     -9999    886801    34.663     -9999     -9999
1510     -9999     -9999    544436    21.281     -9999     -9999
1511     -9999     -9999    630517    24.645     -9999     -9999
1512     -9999     -9999    766075    29.944     -9999     -9999
1513     -9999     -9999    674767    26.375     -9999     -9999
1514     -9999     -9999    837170    32.723     -9999     -9999
1515     -9999     -9999    485121    18.962     -9999     -9999
1516     -9999     -9999    496802    19.419     -9999     -9999
1517     -9999     -9999    649025    25.369     -9999     -9999
1518     -9999     -9999    701351    27.414     -9999     -9999
1519     -9999     -9999    600412    23.469     -9999     -9999
1520     -9999     -9999    662286    25.887     -9999     -9999
1521     -9999     -9999   1055298    41.249     -9999     -9999
1522     -9999     -9999    358090    13.997     -9999     -9999
1523     -9999     -9999    808475    31.601     -9999     -9999
1524     -9999     -9999    743500    29.062     -9999     -9999
1525     -9999     -9999    635133    24.826     -9999     -9999
1526     -9999     -9999    887515    34.691     -9999     -9999
1527     -9999     -9999    583618    22.812     -9999     -9999
1528     -9999     -9999    473176    18.495     -9999     -9999
1529     -9999     -9999    687286    26.864     -9999     -9999
1530     -9999     -9999    627511    24.528     -9999     -9999
1531     -9999     -9999    546349    21.355     -9999     -9999
1532     -9999     -9999    371485    14.520     -9999     -9999
1533     -9999     -9999    716621    28.011     -9999     -9999
1534     -9999     -9999    595974    23.295     -9999     -9999
1535     -9999     -9999    766034    29.942     -9999     -9999
1536     -9999     -9999    860790    33.646     -9999     -9999
1537     -9999     -9999    618386    24.171     -9999     -9999
1538     -9999     -9999    404680    15.818     -9999     -9999
1539     -9999     -9999    667137    26.077     -9999     -9999
1540     -9999     -9999    819534    32.034     -9999     -9999
1541     -9999     -9999    624817    24.423     -9999     -9999
1542     -9999     -9999    276592    10.811     -9999     -9999
1543     -9999     -9999    702725    27.468     -9999     -9999
1544     -9999     -9999    523738    20.472     -9999     -9999
1545     -9999     -9999    431089    16.850     -9999     -9999
1546     -9999     -9999    695558    27.188     -9999     -9999
1547     -9999     -9999    506585    19.801     -9999     -9999
1548     -9999     -9999    766961    29.979     -9999     -9999
1549     -9999     -9999    940633    36.767     -9999     -9999
1550     -9999     -9999    673796    26.337     -9999     -9999
1551     -9999     -9999    531969    20.793     -9999     -9999
1552     -9999     -9999    705116    27.561     -9999     -9999
1553     -9999     -9999    809862    31.655     -9999     -9999
1554     -9999     -9999    532740    20.823     -9999     -9999
1555     -9999     -9999    724664    28.325     -9999     -9999
1556     -9999     -9999    763533    29.845     -9999     -9999
1557     -9999     -9999    817674    31.961     -9999     -9999
1558     -9999     -9999    311603    12.180     -9999     -9999
1559     -9999     -9999    655065    25.605     -9999     -9999
1560     -9999     -9999    745087    29.124     -9999     -9999
1561     -9999     -9999    545564    21.325     -9999     -9999
1562     -9999     -9999    490496    19.172     -9999     -9999
1563     -9999     -9999    603098    23.574     -9999     -9999
1564     -9999     -9999    722152    28.227     -9999     -9999
1565     -9999     -9999    865966    33.848     -9999     -9999
1566     -9999     -9999    513782    20.082     -9999     -9999
1567     -9999     -9999    464231    18.146     -9999     -9999
1568     -9999     -9999    833752    32.589     -9999     -9999
1569     -9999     -9999    680837    26.612     -9999     -9999
1570     -9999     -9999    751789    29.386     -9999     -9999
1571     -9999     -9999    619329    24.208     -9999     -9999
1572     -9999     -9999    761630    29.770     -9999     -9999
1573     -9999     -9999    409309    15.999     -9999     -9999
1574     -9999     -9999    407319    15.921     -9999     -9999
1575     -9999     -9999    719528    28.125     -9999     -9999
1576     -9999     -9999    497809    19.458     -9999     -9999
1577     -9999     -9999    829945    32.440     -9999     -9999
1578     -9999     -9999    687931    26.890     -9999     -9999
1579     -9999     -9999    567460    22.181     -9999     -9999
1580     -9999     -9999    355860    13.910     -9999     -9999
1581     -9999     -9999    508390    19.872     -9999     -9999
1582     -9999     -9999    514343    20.104     -9999     -9999
1583     -9999     -9999    456395    17.839     -9999     -9999
1584     -9999     -9999    308791    12.070     -9999     -9999
1585     -9999     -9999    584558    22.849     -9999     -9999
1586     -9999     -9999    659511    25.779     -9999     -9999
1587     -9999     -9999    660328    25.811     -9999     -9999
1588     -9999     -9999    872323    34.097     -9999     -9999
1589     -9999     -9999    999603    39.072     -9999     -9999
1590     -9999     -9999    196667     7.687     -9999     -9999
1591     -9999     -9999    560529    21.910     -9999     -9999
1592     -9999     -9999    577179    22.560     -9999     -9999
1593     -9999     -9999    574481    22.455     -9999     -9999
1594     -9999     -9999    778693    30.437     -9999     -9999
1595     -9999     -9999    973713    38.060     -9999     -9999
1596     -9999     -9999    889798    34.780     -9999     -9999
1597     -9999     -9999    559266    21.860     -9999     -9999
1598     -9999     -9999    323388    12.640     -9999     -9999
1599     -9999     -9999   1039188    40.619     -9999     -9999
1600     -9999     -9999    383811    15.002     -9999     -9999
1601     -9999     -9999    744195    29.089     -9999     -9999
1602     -9999     -9999    703412    27.495     -9999     -9999
1603     -9999     -9999    915678    35.792     -9999     -9999
1604     -9999     -9999    923751    36.107     -9999     -9999
1605     -9999     -9999    773664    30.241     -9999     -9999
1606     -9999     -9999    775271    30.303     -9999     -9999
1607     -9999     -9999    306692    11.988     -9999     -9999
1608     -9999     -9999    854060    33.383     -9999     -9999
1609     -9999     -9999    760276    29.717     -9999     -9999
1610     -9999     -9999    898964    35.138     -9999     -9999
1611     -9999     -9999    648965    25.366     -9999     -9999
1612     -9999     -9999    553346    21.629     -9999     -9999
1613     -9999     -9999    653989    25.563     -9999     -9999
1614     -9999     -9999    688334    26.905     -9999     -9999
1615     -9999     -9999    805467    31.484     -9999     -9999
1616     -9999     -9999    605478    23.667     -9999     -9999
1617     -9999     -9999    830112    32.447     -9999     -9999
1618     -9999     -9999    862669    33.720     -9999     -9999
1619     -9999     -9999    668903    26.146     -9999     -9999
1620     -9999     -9999    730661    28.560     -9999     -9999
1621     -9999     -9999    669629    26.174     -9999     -9999
1622     -9999     -9999    417139    16.305     -9999     -9999
1623     -9999     -9999    385632    15.073     -9999     -9999
1624     -9999     -9999    350308    13.693     -9999     -9999
1625     -9999     -9999    372091    14.544     -9999     -9999
1626     -9999     -9999    491599    19.215     -9999     -9999
1627     -9999     -9999    796727    31.142     -9999     -9999
1628     -9999     -9999    556883    21.767     -9999     -9999
1629     -9999     -9999    598864    23.408     -9999     -9999
1630     -9999     -9999    810155    31.667     -9999     -9999
1631     -9999     -9999    300592    11.749     -9999     -9999
1632     -9999     -9999    518192    20.255     -9999     -9999
1633     -9999     -9999    792616    30.981     -9999     -9999
1634     -9999     -9999    539940    21.105     -9999     -9999
1635     -9999     -9999    651393    25.461     -9999     -9999
1636     -9999     -9999    524140    20.487     -9999     -9999
1637     -9999     -9999    675658    26.410     -9999     -9999
1638     -9999     -9999    539840    21.101     -9999     -9999
1639     -9999     -9999    856142    33.464     -9999     -9999
1640     -9999     -9999    772008    30.176     -9999     -9999
1641     -9999     -9999    617472    24.135     -9999     -9999
1642     -9999     -9999    740179    28.932     -9999     -9999
1643     -9999     -9999    695482    27.185     -9999     -9999
1644     -9999     -9999    698238    27.292     -9999     -9999
1645     -9999     -9999    394961    15.438     -9999     -9999
1646     -9999     -9999    592728    23.168     -9999     -9999
1647     -9999     -9999    725284    28.350     -9999     -9999
1648     -9999     -9999    496814    19.419     -9999     -9999
1649     -9999     -9999    935596    36.570     -9999     -9999
1650     -9999     -9999    805218    31.474     -9999     -9999
1651     -9999     -9999    737820    28.840     -9999     -9999
1652     -9999     -9999    495573    19.371     -9999     -9999
1653     -9999     -9999    527896    20.634     -9999     -9999
1654     -9999     -9999    345999    13.524     -9999     -9999
1655     -9999     -9999    967772    37.828     -9999     -9999
1656     -9999     -9999    681216    26.627     -9999     -9999
1657     -9999     -9999    608971    23.803     -9999     -9999
1658     -9999     -9999    512213    20.021     -9999     -9999
1659     -9999     -9999    656704    25.669     -9999    42.598
1660     -9999     -9999    747995    29.237     -9999    34.753
1661     -9999     -9999    765861    29.936     -9999    71.094
1662     -9999     -9999    710171    27.759     -9999    78.125
1663     -9999     -9999    585489    22.885     -9999    69.408
1664     -9999     -9999    388496    15.185     -9999    27.956
1665     -9999     -9999    666016    26.033     -9999    39.852
1666     -9999     -9999    546612    21.366     -9999    55.710
1667     -9999     -9999    612454    23.939     -9999    33.932
1668     -9999     -9999    330021    12.900     -9999    32.427
1669     -9999     -9999    731332    28.586     -9999    42.212
1670     -9999     -9999    469169    18.339     -9999    58.621
1671     -9999     -9999    733001    28.651     -9999    43.487
1672     -9999     -9999    782943    30.603     -9999    52.896
1673     -9999     -9999    841320    32.885     -9999    28.855
1674     -9999     -9999    802150    31.354     -9999    62.025
1675     -9999     -9999    408574    15.970     -9999    38.955
1676     -9999     -9999    690941    27.007     -9999    76.196
1677     -9999     -9999    751317    29.367     -9999    75.421
1678     -9999     -9999    905112    35.379     -9999    65.605
1679     -9999     -9999    502180    19.629     -9999    50.402
1680     -9999     -9999    927576    36.257     -9999    56.730
1681     -9999     -9999    659190    25.766     -9999    33.117
1682     -9999     -9999    419788    16.408     -9999    35.799
1683     -9999     -9999    801534    31.330     -9999    69.579
1684     -9999     -9999    328196    12.828     -9999    72.977
1685     -9999     -9999    139763     5.463     -9999    46.152
1686     -9999     -9999    665085    25.997     -9999    45.328
1687     -9999     -9999    613160    23.967     -9999    33.806
1688     -9999     -9999    751725    29.383     -9999    63.803
1689     -9999     -9999    940770    36.772     -9999    73.082
1690     -9999     -9999    681751    26.648     -9999    59.434
1691     -9999     -9999    742548    29.024     -9999    41.329
1692     -9999     -9999    705849    27.590     -9999    59.680
1693     -9999     -9999    825563    32.269     -9999    36.035
1694     -9999     -9999    364566    14.250     -9999    58.043
1695     -9999     -9999    593880    23.213     -9999    46.875
1696     -9999     -9999    508020    19.857     -9999    29.480
1697     -9999     -9999    757702    29.617     -9999    62.396
1698     -9999     -9999    871552    34.067     -9999    54.218
1699     -9999     -9999    848243    33.156     -9999    51.030
1700     -9999     -9999    413298    16.155     -9999    61.506
1701     -9999     -9999    851462    33.282     -9999    55.296
1702     -9999     -9999    655185    25.610     -9999    64.177
1703     -9999     -9999    572710    22.386     -9999    74.871
1704     -9999     -9999    437018    17.082     -9999    33.014
1705     -9999     -9999    774603    30.277     -9999    52.459
1706     -9999     -9999    559701    21.877     -9999    51.379
1707     -9999     -9999    476045    18.607     -9999    37.527
1708     -9999     -9999    592296    23.151     -9999    38.895
1709     -9999     -9999    651457    25.464     -9999    57.669
1710     -9999     -9999    885055    34.595     -9999    72.056
1711     -9999     -9999    703607    27.502     -9999    33.198
1712     -9999     -9999    698108    27.287     -9999    47.042
1713     -9999     -9999    594149    23.224     -9999    55.512
1714     -9999     -9999    344883    13.481     -9999    68.121
1715     -9999     -9999    663152    25.921     -9999    33.181
1716     -9999     -9999    593339    23.192     -9999    75.484
1717     -9999     -9999    628961    24.585     -9999    63.833
1718     -9999     -9999    701119    27.405     -9999    42.780
1719     -9999     -9999    637736    24.928     -9999    34.603
1720     -9999     -9999   1138902    44.517     -9999    70.913
1721     -9999     -9999    552570    21.599     -9999    70.707
1722     -9999     -9999    386222    15.096     -9999    46.835
1723     -9999     -9999    501320    19.595     -9999    54.860
1724     -9999     -9999    768649    30.045     -9999    81.853
1725     -9999     -9999    932501    36.449     -9999    67.279
1726     -9999     -9999    969913    37.911     -9999    57.199
1727     -9999     -9999    729547    28.516     -9999    18.843
1728     -9999     -9999    502036    19.623     -9999    55.852
1729     -9999     -9999    254196     9.936     -9999    37.110
1730     -9999     -9999    621321    24.286     -9999    58.032
1731     -9999     -9999    566294    22.135     -9999    42.841
1732     -9999     -9999    597465    23.353     -9999    48.898
1733     -9999     -9999    591465    23.119     -9999    41.106
1734     -9999     -9999    881857    34.470     -9999    70.437
1735     -9999     -9999    207934     8.128     -9999    36.302
1736     -9999     -9999    761536    29.767     -9999    53.339
1737     -9999     -9999    435495    17.022     -9999    36.431
1738     -9999     -9999    809486    31.641     -9999    60.025
1739     -9999     -9999    887839    34.703     -9999    31.036
1740     -9999     -9999    457687    17.890     -9999    42.476
1741     -9999     -9999    683098    26.701     -9999    47.675
1742     -9999     -9999    607592    23.749     -9999    48.974
1743     -9999     -9999   1020901    39.904     -9999    75.104
1744     -9999     -9999    686971    26.852     -9999    62.952
1745     -9999     -9999    740710    28.953     -9999    29.943
1746     -9999     -9999    901690    35.245     -9999    63.261
1747     -9999     -9999    935056    36.549     -9999    52.616
1748     -9999     -9999     95525     3.734     -9999    42.112
1749     -9999     -9999    832358    32.535     -9999    43.429
1750     -9999     -9999    393156    15.367     -9999    63.388
1751     -9999     -9999    723204    28.268     -9999    51.203
1752     -9999     -9999    510838    19.967     -9999    34.940
1753     -9999     -9999    846219    33.077     -9999    62.861
1754     -9999     -9999    766132    29.946     -9999    54.235
1755     -9999     -9999    560654    21.915     -9999    50.385
1756     -9999     -9999    437028    17.082     -9999    41.495
1757     -9999     -9999    500341    19.557     -9999    70.163
1758     -9999     -9999    667091    26.075     -9999    51.249
1759     -9999     -9999    619892    24.230     -9999    44.795
1760     -9999     -9999    758978    29.667     -9999    32.693
1761     -9999     -9999    823657    32.195     -9999    65.365
1762     -9999     -9999    752763    29.424     -9999    54.847
1763     -9999     -9999    367950    14.382     -9999    35.088
1764     -9999     -9999    691433    27.026     -9999    83.717
1765     -9999     -9999    439696    17.187     -9999    52.432
1766     -9999     -9999    841453    32.890     -9999    61.395
1767     -9999     -9999    497103    19.431     -9999    85.786
1768     -9999     -9999    996865    38.965     -9999    45.308
1769     -9999     -9999    601493    23.511     -9999    68.917
1770     -9999     -9999    745891    29.155     -9999    37.963
1771     -9999     -9999    847208    33.115     -9999    67.921
1772     -9999     -9999    437417    17.098     -9999    38.503
1773     -9999     -9999    242727     9.488     -9999    45.507
1774     -9999     -9999    617323    24.130     -9999    48.986
1775     -9999     -9999    653188    25.531     -9999    48.568
1776     -9999     -9999    537968    21.028     -9999    48.356
1777     -9999     -9999    408311    15.960     -9999    35.326
1778     -9999     -9999    395583    15.462     -9999    58.473
1779     -9999     -9999    693806    27.119     -9999    31.710
1780     -9999     -9999    279368    10.920     -9999    50.351
1781     -9999     -9999    656678    25.668     -9999    48.939
1782     -9999     -9999    548027    21.421     -9999    54.107
1783     -9999     -9999    770004    30.098     -9999    47.472
1784     -9999     -9999    865637    33.836     -9999    60.840
1785     -9999     -9999    649811    25.399     -9999    50.815
1786     -9999     -9999    386739    15.117     -9999    42.203
1787     -9999     -9999    885424    34.609     -9999    59.839
1788     -9999     -9999    518801    20.279     -9999    62.808
1789     -9999     -9999    506583    19.801     -9999    32.745
1790     -9999     -9999    917488    35.862     -9999    76.727
1791     -9999     -9999    796365    31.128     -9999    51.499
1792     -9999     -9999    702623    27.464     -9999    42.471
1793     -9999     -9999    728310    28.468     -9999    96.001
1794     -9999     -9999    470629    18.396     -9999    63.947
1795     -9999     -9999    543891    21.259     -9999    42.984
1796     -9999     -9999    654355    25.577     -9999    52.775
1797     -9999     -9999    750544    29.337     -9999    43.990
1798     -9999     -9999    352961    13.796     -9999    41.156
1799     -9999     -9999    749509    29.296     -9999    62.005
1800     -9999     -9999    693066    27.090     -9999    61.592
1801     -9999     -9999    499184    19.512     -9999    50.422
1802     -9999     -9999    764099    29.867     -9999    45.458
1803     -9999     -9999    564663    22.071     -9999    65.254
1804     -9999     -9999    629406    24.602     -9999    42.422
1805     -9999     -9999    421777    16.486     -9999    43.751
1806     -9999     -9999    540943    21.144     -9999    53.785
1807     -9999     -9999    764992    29.902     -9999    45.176
1808     -9999     -9999    661983    25.875     -9999    51.898
1809     -9999     -9999    522115    20.408     -9999    57.713
1810     -9999     -9999    635879    24.855     -9999    59.896
1811     -9999     -9999    750591    29.339     -9999    71.328
1812     -9999     -9999    672985    26.305     -9999    40.188
1813     -9999     -9999    461260    18.030     -9999    51.301
1814     -9999     -9999    749633    29.301     -9999    51.179
1815     -9999     -9999    705370    27.571     -9999    62.689
1816     -9999     -9999    850950    33.262     -9999    58.411
1817     -9999     -9999    822116    32.134     -9999    29.878
1818     -9999     -9999    368230    14.393     -9999    41.725
1819     -9999     -9999    564360    22.059     -9999    54.434
1820     -9999     -9999    381383    14.907     -9999    78.592
1821     -9999     -9999    728741    28.485     -9999    18.968
1822     -9999     -9999    334377    13.070     -9999    48.983
1823     -9999     -9999    769584    30.081     -9999    44.492
1824     -9999     -9999    428253    16.739     -9999    40.342
1825     -9999     -9999    579204    22.640     -9999    41.682
1826     -9999     -9999    763098    29.828     -9999    47.234
1827     -9999     -9999    666487    26.051     -9999    79.066
1828     -9999     -9999   1032202    40.346     -9999    47.828
1829     -9999     -9999    509573    19.918     -9999    58.716
1830     -9999     -9999    584081    22.830     -9999    73.464
1831     -9999     -9999    869228    33.976     -9999    58.445
1832     -9999     -9999    728641    28.481     -9999    56.514
1833     -9999     -9999    688628    26.917     -9999    41.117
1834     -9999     -9999    459064    17.944     -9999    43.361
1835     -9999     -9999    830131    32.448     -9999    64.568
1836     -9999     -9999    848167    33.153     -9999    45.785
1837     -9999     -9999    935699    36.574     -9999    39.448
1838     -9999     -9999    875716    34.230     -9999    46.463
1839     -9999     -9999    770451    30.115     -9999    69.780
1840     -9999     -9999    678644    26.527     -9999    49.989
1841     -9999     -9999    800515    31.290     -9999    39.040
1842     -9999     -9999    412432    16.121     -9999    65.066
1843     -9999     -9999    592958    23.177     -9999    42.171
1844     -9999     -9999    670668    26.215     -9999    65.439
1845     -9999     -9999    339652    13.276     -9999    75.826
1846     -9999     -9999    439166    17.166     -9999    48.980
1847     -9999     -9999    311902    12.191     -9999    63.531
1848     -9999     -9999    670132    26.194     -9999    64.601
1849     -9999     -9999   1166064    45.579     -9999    54.005
1850     -9999     -9999    923503    36.097     -9999    30.532
1851     -9999     -9999    227068     8.876     -9999    46.496
1852     -9999     -9999    855408    33.436     -9999    59.958
1853     -9999     -9999    851392    33.279     -9999    49.064
1854     -9999     -9999    709598    27.736     -9999    58.667
1855     -9999     -9999    612675    23.948     -9999    35.256
1856     -9999     -9999    743008    29.042     -9999    52.864
1857     -9999     -9999    599564    23.435     -9999    44.640
1858     -9999     -9999    740973    28.963     -9999    68.349
1859     -9999     -9999    546178    21.349     -9999    52.541
1860     -9999     -9999    829188    32.411     -9999    42.565
1861     -9999     -9999    151288     5.913     -9999    50.953
1862     -9999     -9999   1005932    39.319     -9999    36.928
1863     -9999     -9999    677691    26.489     -9999    42.029
1864     -9999     -9999    429560    16.790     -9999    52.215
1865     -9999     -9999    754908    29.507     -9999    42.188
1866     -9999     -9999    926116    36.200     -9999    67.938
1867     -9999     -9999   1001320    39.139     -9999    50.545
1868     -9999     -9999    843152    32.957     -9999    64.494
1869     -9999     -9999    690655    26.996     -9999    44.674
1870     -9999     -9999    411870    16.099     -9999    80.020
1871     -9999     -9999    357020    13.955     -9999    67.241
1872     -9999     -9999    763298    29.835     -9999    38.542
1873     -9999     -9999    535473    20.930     -9999    34.951
1874     -9999     -9999    495775    19.379     -9999    42.107
1875     -9999     -9999    522929    20.440     -9999    69.002
1876     -9999     -9999    606392    23.702     -9999    47.496
1877     -9999     -9999    617829    24.149     -9999    36.136
1878     -9999     -9999    487471    19.054     -9999    59.192
1879     -9999     -9999    273210    10.679     -9999    47.421
1880     -9999     -9999    463507    18.117     -9999    49.248
1881     -9999     -9999    424065    16.576     -9999    52.936
1882     -9999     -9999    439649    17.185     -9999    41.679
1883     -9999     -9999    398722    15.585     -9999    66.501
1884     -9999     -9999    909609    35.554     -9999    33.316
1885     -9999     -9999    849633    33.210     -9999    56.186
1886     -9999     -9999    667940    26.108     -9999    46.751
1887     -9999     -9999    413900    16.178     -9999    56.842
1888     -9999     -9999    627378    24.523     -9999    31.844
1889     -9999     -9999    532122    20.799     -9999    52.867
1890    804000    31.426    702237    27.449     -9999    59.162
1891    834000    32.599    781231    30.536     -9999    35.672
1892    585000    22.866    605426    23.665     -9999    37.551
1893    392000    15.322    388550    15.187     -9999    43.772
1894    413000    16.143    515005    20.130     -9999    42.797
1895    638000    24.938    801908    31.345    79.502    68.420
1896    492000    19.231    335102    13.098    70.358    53.308
1897    729000    28.495    697636    27.269    57.404    44.309
1898    912000    35.648    706121    27.601    92.456    88.991
1899    368000    14.384    267443    10.454    67.818    77.702
1900    524000    20.482    637513    24.919    29.718    35.835
1901    482000    18.840    479500    18.742    47.244    50.295
1902    255000     9.967    181003     7.075    27.686    41.467
1903    777000    30.371    897706    35.089    49.276    33.419
1904    339000    13.251    447073    17.475    31.242    49.477
1905    928000    36.273    823854    32.202    57.658    46.067
1906    900000    35.179    745018    29.121    33.782    50.480
1907   1140000    44.560    835555    32.660    38.862    62.629
1908    593000    23.179    533327    20.846    46.736    58.805
1909    857000    33.498    748422    29.254    44.196    33.505
1910    691000    27.009    746833    29.192    37.592    49.634
1911    922000    36.039    820492    32.071    99.314    64.283
1912    970000    37.915    747999    29.237    67.818    59.029
1913    541600    21.170    505055    19.741    43.942    35.161
1914    801000    31.309   1013836    39.628   120.904    83.373
1915    687000    26.853    686104    26.818    78.486    54.150
1916    825000    32.247    731564    28.595    42.418    43.223
1917   1010000    39.478    875735    34.230    27.940    44.440
1918    527000    20.599    653368    25.539    44.704    58.395
1919    764000    29.863    722531    28.242    71.628    82.925
1920    996000    38.931    894249    34.954    51.562    44.432
1921   1020000    39.869    957669    37.433    85.344    80.067
1922    984000    38.462    696717    27.233    30.734    35.053
1923    781000    30.527    591993    23.140    33.020    38.390
1924    834000    32.599    791711    30.946    58.166    55.129
1925    653000    25.524    494648    19.335    55.372    43.737
1926    711000    27.791    788561    30.823    49.530    49.019
1927    898000    35.101    620655    24.260    55.372    59.627
1928    740000    28.925    692898    27.084    26.162    41.732
1929    857000    33.498    719334    28.117    68.072    64.001
1930    598000    23.374    712248    27.840    60.706    54.444
1931    358000    13.993    469710    18.360    54.864    55.806
1932    891000    34.827    855702    33.447    56.134    63.735
1933    500000    19.544    526646    20.585    87.122    66.467
1934    338200    13.219    388618    15.190    25.146    32.702
1935    679000    26.540    766338    29.954    25.146    54.171
1936    475500    18.586    541071    21.149    35.560    51.095
1937    572800    22.389    701173    27.407    41.656    42.787
1938    791900    30.953    827905    32.361    76.962    86.744
1939    561700    21.955    591898    23.136    38.354    34.062
1940    299500    11.707    418623    16.363    52.832    52.264
1941    948300    37.067    987429    38.596    57.912    60.625
1942    925600    36.179    831006    32.482    27.940    40.553
1943    504700    19.727    518135    20.253    64.262    65.846
1944    849700    33.213    771025    30.137    44.958    51.465
1945    544900    21.299    597574    23.358    29.718    53.535
1946    417200    16.307    441140    17.243    42.672    46.863
1947    621700    24.301    803097    31.391    26.416    44.011
1948    933800    36.500    725247    28.348    39.370    38.475
1949    912600    35.671    906829    35.446    55.118    54.144
1950    488500    19.094    412893    16.139    73.914    62.480
1951    310400    12.133    410274    16.037    21.082    42.702
1952    810200    31.669    825002    32.247    50.800    32.614
1953    415700    16.249    442537    17.298    50.038    48.929
1954    370800    14.494    521630    20.389    32.004    32.137
1955    382800    14.963    655126    25.607    66.802    59.423
1956    340700    13.317    293278    11.464    37.084    35.806
1957    801200    31.317    930508    36.371    54.356    56.351
1958    750700    29.343    656851    25.675    43.434    43.757
1959    347500    13.583    293636    11.478    40.132    41.718
1960    624200    24.398    694092    27.130    62.738    50.022
1961    478300    18.696    505204    19.747    42.926    43.627
1962    771400    30.152    739272    28.896    72.898    63.712
1963    341400    13.344    531633    20.780    26.924    45.099
1964    372200    14.548    460412    17.996    37.846    48.340
1965    880100    34.401    917306    35.855    49.276    53.380
1966    624100    24.395    647058    25.292    70.612    65.779
1967    401300    15.686    604059    23.611    58.674    69.083
1968    659100    25.763    652295    25.497    53.848    59.448
1969    627903    24.543    747939    29.235    50.546    46.069
1970    669961    26.187    721783    28.213    51.562    60.258
1971    497444    19.444    552319    21.589    38.354    56.608
1972    469602    18.356    464474    18.155    59.944    50.545
1973    846699    33.095    792429    30.974    58.166    63.226
1974    350455    13.698    469234    18.341    57.658    46.373
1975    786565    30.745    737810    28.839    51.308    42.263
1976    602387    23.546    587132    22.950    54.356    50.630
1977    225458     8.813    237328     9.277    58.166    53.726
1978    395329    15.452    756535    29.571    35.306    44.420
1979    956773    37.398    873530    34.144    57.658    52.951
1980    750285    29.327    683135    26.702    19.304    33.210
1981    381253    14.902    398579    15.579    65.024    57.098
1982    675955    26.421    664590    25.977    32.766    46.891
1983    707685    27.662    974573    38.094    34.544    43.007
1984    747238    29.208    705322    27.569    67.056    57.569
1985    979605    38.290    883105    34.518    47.752    42.950
1986   1026689    40.131    919701    35.949    97.790    93.253
1987   1073020    41.942    842572    32.934    51.816    34.157
1988    441608    17.261    512874    20.047    66.802    83.510
1989    496097    19.391    589565    23.045    56.642    31.482
1990    492110    19.235    489313    19.126    58.928    60.155
1991    639526    24.997    780110    30.493    64.770    69.677
1992    489433    19.131    649707    25.395    48.514    51.166
1993    651774    25.476    766109    29.945    39.624    50.789
1994    522420    20.420    506074    19.781    31.242    38.557
1995    842688    32.939    876138    34.246    36.576    50.171
1996    399515    15.616    371244    14.511    85.344    61.685
1997    872175    34.091    890112    34.792    63.246    34.710
1998    637838    24.932    656752    25.671    66.040    66.886
1999    911775    35.639    824593    32.231    77.978    92.006
2000    421533    16.477    523745    20.472    73.406    56.377
2001    730749    28.563    574511    22.456    45.720    37.175
2002    164035     6.412     73890     2.888    44.958    39.833
2003     -9999     -9999     -9999     -9999    26.162    32.594
2004     -9999     -9999     -9999     -9999    40.132    48.424
2005     -9999     -9999     -9999     -9999    14.732    32.631
2006     -9999     -9999     -9999     -9999    80.264    50.602
2007     -9999     -9999     -9999     -9999    53.086    39.991
2008     -9999     -9999     -9999     -9999    92.710    77.871
